Permutations for races [1, 1]
{ 1, 2, 4, 7, 5, 13, 12, 16, 22, 10, 14, 15, 17, 20, 23, 24, 25 },

Permutations for races [2, 2]
{ 1, 4, 5, 9, 8, 6, 10, 2, 7, 3, 16, 14, 15, 17, 18, 24, 20, 25 },

Permutations for races [3, 3]
{ 1, 4, 3, 2, 9, 10, 8, 6, 5, 14, 16, 15, 17, 12, 7, 18, 19, 24, 25, 22, 23 },

Permutations for races [4, 4]
{ 1, 2, 4, 3, 5, 11, 7, 8, 6, 9, 16, 14, 12, 15, 18, 24, 23 },

Permutations for races [5, 5]
{ 1, 2, 11, 6, 4, 3, 9, 5, 7, 8, 13, 12, 15, 14, 17, 24, 22, 23, 25 },

Permutations for races [6, 6]
{ 1, 3, 2, 4, 6, 5, 10, 11, 7, 15, 19, 17, 12, 14, 22, 24, 23, 25 },

Permutations for races [7, 7]
{ 1, 2, 4, 3, 9, 7, 6, 5, 10, 8, 15, 16, 12, 19, 14, 23, 24, 22, 18, 28 },

Permutations for races [8, 8]
{ 1, 5, 4, 7, 2, 10, 11, 8, 13, 9, 23, 12, 3, 17, 20, 14, 16, 18, 15, 25, 24, 22 },

Permutations for races [9, 9]
{ 1, 4, 3, 2, 10, 7, 6, 5, 11, 13, 12, 14, 17, 16, 20, 9, 15, 18, 8, 22, 23, 25 },

Permutations for races [10, 10]
{ 1, 3, 2, 4, 6, 8, 5, 13, 12, 14, 17, 25, 22, 24, 23 },

Permutations for races [11, 11]
{ 4, 3, 2, 1, 10, 5, 9, 7, 8, 11, 12, 19, 14, 17, 27, 21, 18, 25, 23 },

Permutations for races [12, 12]
{ 1, 3, 2, 4, 5, 6, 9, 10, 7, 12, 15, 13, 17, 14, 21, 27, 24, 20, 18, 25, 23, 8 },

Permutations for races [13, 13]
{ 2, 3, 4, 5, 10, 6, 8, 11, 13, 15, 17, 14, 12, 21, 1, 27, 24, 23, 18 },

Permutations for races [14, 14]
{ 3, 7, 13, 9, 8, 6, 11, 14, 16, 12, 20, 21, 1, 4, 15, 24, 25, 23, 18 },

Permutations for races [15, 15]
{ 3, 1, 2, 4, 5, 10, 9, 6, 8, 11, 7, 26, 14, 16, 18, 12, 21, 24, 25, 23 },

Permutations for races [16, 16]
{ 2, 3, 8, 5, 18, 11, 12, 14, 21, 16, 15, 20, 24, 25 },

Permutations for races [17, 17]
{ 1, 2, 3, 9, 8, 6, 15, 5, 18, 12, 14, 24, 25, 23 },

Permutations for races [18, 18]
{ 1, 2, 4, 5, 13, 6, 7, 9, 19, 12, 18, 20, 16, 8, 14, 11, 17, 21, 24, 23, 25, 10 },