Permutations for races [1, 7]
{ 1, 2, 4, 7, 5, 14, 15, 24 },
{ 1, 4, 5, 2, 7, 14, 15, 24 },
{ 1, 4, 2, 5, 14, 15, 7, 24 },
{ 1, 2, 4, 5, 7, 14, 15, 24 },
{ 1, 2, 4, 5, 7, 15, 14, 24 },
{ 1, 2, 4, 5, 7, 15, 14, 24 },
{ 1, 2, 4, 7, 5, 15, 14, 24 },

Permutations for races [2, 8]
{ 1, 4, 5, 2, 7, 3, 14, 15, 24 },
{ 1, 4, 3, 2, 5, 14, 15, 7, 24 },
{ 1, 2, 4, 3, 5, 7, 14, 15, 24 },
{ 1, 2, 4, 3, 5, 7, 15, 14, 24 },
{ 1, 3, 2, 4, 5, 7, 15, 14, 24 },
{ 1, 2, 4, 3, 7, 5, 15, 14, 24 },
{ 1, 5, 4, 7, 2, 3, 14, 15, 24 },

Permutations for races [3, 9]
{ 1, 4, 3, 2, 5, 14, 15, 12, 7, 23 },
{ 1, 2, 4, 3, 5, 7, 14, 12, 15, 23 },
{ 1, 2, 4, 3, 5, 7, 12, 15, 14, 23 },
{ 1, 3, 2, 4, 5, 7, 15, 12, 14, 23 },
{ 1, 2, 4, 3, 7, 5, 15, 12, 14, 23 },
{ 1, 5, 4, 7, 2, 23, 12, 3, 14, 15 },
{ 1, 4, 3, 2, 7, 5, 12, 14, 15, 23 },

Permutations for races [4, 10]
{ 1, 2, 4, 3, 5, 14, 12, 23 },
{ 1, 2, 4, 3, 5, 12, 14, 23 },
{ 1, 3, 2, 4, 5, 12, 14, 23 },
{ 1, 2, 4, 3, 5, 12, 14, 23 },
{ 1, 5, 4, 2, 23, 12, 3, 14 },
{ 1, 4, 3, 2, 5, 12, 14, 23 },
{ 1, 3, 2, 4, 5, 12, 14, 23 },

Permutations for races [5, 11]
{ 1, 2, 4, 3, 5, 12, 14, 23 },
{ 1, 3, 2, 4, 5, 12, 14, 23 },
{ 1, 2, 4, 3, 5, 12, 14, 23 },
{ 1, 5, 4, 2, 23, 12, 3, 14 },
{ 1, 4, 3, 2, 5, 12, 14, 23 },
{ 1, 3, 2, 4, 5, 12, 14, 23 },
{ 4, 3, 2, 1, 5, 12, 14, 23 },

Permutations for races [6, 12]
{ 1, 3, 2, 4, 5, 12, 14, 23 },
{ 1, 2, 4, 3, 5, 12, 14, 23 },
{ 1, 5, 4, 2, 23, 12, 3, 14 },
{ 1, 4, 3, 2, 5, 12, 14, 23 },
{ 1, 3, 2, 4, 5, 12, 14, 23 },
{ 4, 3, 2, 1, 5, 12, 14, 23 },
{ 1, 3, 2, 4, 5, 12, 14, 23 },

Permutations for races [7, 13]
{ 1, 2, 4, 3, 5, 8, 12, 14, 23 },
{ 1, 5, 4, 2, 8, 23, 12, 3, 14 },
{ 1, 4, 3, 2, 5, 12, 14, 8, 23 },
{ 1, 3, 2, 4, 8, 5, 12, 14, 23 },
{ 4, 3, 2, 1, 5, 8, 12, 14, 23 },
{ 1, 3, 2, 4, 5, 12, 14, 23, 8 },
{ 2, 3, 4, 5, 8, 14, 12, 1, 23 },

Permutations for races [8, 14]
{ 1, 4, 8, 23, 12, 3, 14 },
{ 1, 4, 3, 12, 14, 8, 23 },
{ 1, 3, 4, 8, 12, 14, 23 },
{ 4, 3, 1, 8, 12, 14, 23 },
{ 1, 3, 4, 12, 14, 23, 8 },
{ 3, 4, 8, 14, 12, 1, 23 },
{ 3, 8, 14, 12, 1, 4, 23 },

Permutations for races [9, 15]
{ 1, 4, 3, 12, 14, 8, 23 },
{ 1, 3, 4, 8, 12, 14, 23 },
{ 4, 3, 1, 8, 12, 14, 23 },
{ 1, 3, 4, 12, 14, 23, 8 },
{ 3, 4, 8, 14, 12, 1, 23 },
{ 3, 8, 14, 12, 1, 4, 23 },
{ 3, 1, 4, 8, 14, 12, 23 },

Permutations for races [10, 16]
{ 3, 8, 12, 14 },
{ 3, 8, 12, 14 },
{ 3, 12, 14, 8 },
{ 3, 8, 14, 12 },
{ 3, 8, 14, 12 },
{ 3, 8, 14, 12 },
{ 3, 8, 12, 14 },

Permutations for races [11, 17]
{ 3, 8, 12, 14, 18 },
{ 3, 12, 14, 18, 8 },
{ 3, 8, 14, 12, 18 },
{ 3, 8, 14, 12, 18 },
{ 3, 8, 14, 18, 12 },
{ 3, 8, 18, 12, 14 },
{ 3, 8, 18, 12, 14 },

Permutations for races [12, 18]
{ 12, 14, 24, 18, 8 },
{ 8, 14, 12, 24, 18 },
{ 8, 14, 12, 24, 18 },
{ 8, 14, 18, 12, 24 },
{ 8, 18, 12, 14, 24 },
{ 8, 18, 12, 14, 24 },
{ 12, 18, 8, 14, 24 },