Permutations for races [1, 10]
{ 1, 2, 4, 5, 14 },
{ 1, 4, 5, 2, 14 },
{ 1, 4, 2, 5, 14 },
{ 1, 2, 4, 5, 14 },
{ 1, 2, 4, 5, 14 },
{ 1, 2, 4, 5, 14 },
{ 1, 2, 4, 5, 14 },
{ 1, 5, 4, 2, 14 },
{ 1, 4, 2, 5, 14 },
{ 1, 2, 4, 5, 14 },

Permutations for races [2, 11]
{ 1, 4, 5, 2, 3, 14 },
{ 1, 4, 3, 2, 5, 14 },
{ 1, 2, 4, 3, 5, 14 },
{ 1, 2, 4, 3, 5, 14 },
{ 1, 3, 2, 4, 5, 14 },
{ 1, 2, 4, 3, 5, 14 },
{ 1, 5, 4, 2, 3, 14 },
{ 1, 4, 3, 2, 5, 14 },
{ 1, 3, 2, 4, 5, 14 },
{ 4, 3, 2, 1, 5, 14 },

Permutations for races [3, 12]
{ 1, 4, 3, 2, 5, 14, 12, 23 },
{ 1, 2, 4, 3, 5, 14, 12, 23 },
{ 1, 2, 4, 3, 5, 12, 14, 23 },
{ 1, 3, 2, 4, 5, 12, 14, 23 },
{ 1, 2, 4, 3, 5, 12, 14, 23 },
{ 1, 5, 4, 2, 23, 12, 3, 14 },
{ 1, 4, 3, 2, 5, 12, 14, 23 },
{ 1, 3, 2, 4, 5, 12, 14, 23 },
{ 4, 3, 2, 1, 5, 12, 14, 23 },
{ 1, 3, 2, 4, 5, 12, 14, 23 },

Permutations for races [4, 13]
{ 1, 2, 4, 3, 5, 14, 12, 23 },
{ 1, 2, 4, 3, 5, 12, 14, 23 },
{ 1, 3, 2, 4, 5, 12, 14, 23 },
{ 1, 2, 4, 3, 5, 12, 14, 23 },
{ 1, 5, 4, 2, 23, 12, 3, 14 },
{ 1, 4, 3, 2, 5, 12, 14, 23 },
{ 1, 3, 2, 4, 5, 12, 14, 23 },
{ 4, 3, 2, 1, 5, 12, 14, 23 },
{ 1, 3, 2, 4, 5, 12, 14, 23 },
{ 2, 3, 4, 5, 14, 12, 1, 23 },

Permutations for races [5, 14]
{ 1, 4, 3, 12, 14, 23 },
{ 1, 3, 4, 12, 14, 23 },
{ 1, 4, 3, 12, 14, 23 },
{ 1, 4, 23, 12, 3, 14 },
{ 1, 4, 3, 12, 14, 23 },
{ 1, 3, 4, 12, 14, 23 },
{ 4, 3, 1, 12, 14, 23 },
{ 1, 3, 4, 12, 14, 23 },
{ 3, 4, 14, 12, 1, 23 },
{ 3, 14, 12, 1, 4, 23 },

Permutations for races [6, 15]
{ 1, 3, 4, 12, 14, 23 },
{ 1, 4, 3, 12, 14, 23 },
{ 1, 4, 23, 12, 3, 14 },
{ 1, 4, 3, 12, 14, 23 },
{ 1, 3, 4, 12, 14, 23 },
{ 4, 3, 1, 12, 14, 23 },
{ 1, 3, 4, 12, 14, 23 },
{ 3, 4, 14, 12, 1, 23 },
{ 3, 14, 12, 1, 4, 23 },
{ 3, 1, 4, 14, 12, 23 },

Permutations for races [7, 16]
{ 3, 8, 12, 14 },
{ 8, 12, 3, 14 },
{ 3, 12, 14, 8 },
{ 3, 8, 12, 14 },
{ 3, 8, 12, 14 },
{ 3, 12, 14, 8 },
{ 3, 8, 14, 12 },
{ 3, 8, 14, 12 },
{ 3, 8, 14, 12 },
{ 3, 8, 12, 14 },

Permutations for races [8, 17]
{ 8, 12, 3, 14 },
{ 3, 12, 14, 8 },
{ 3, 8, 12, 14 },
{ 3, 8, 12, 14 },
{ 3, 12, 14, 8 },
{ 3, 8, 14, 12 },
{ 3, 8, 14, 12 },
{ 3, 8, 14, 12 },
{ 3, 8, 12, 14 },
{ 3, 8, 12, 14 },

Permutations for races [9, 18]
{ 12, 14, 8 },
{ 8, 12, 14 },
{ 8, 12, 14 },
{ 12, 14, 8 },
{ 8, 14, 12 },
{ 8, 14, 12 },
{ 8, 14, 12 },
{ 8, 12, 14 },
{ 8, 12, 14 },
{ 12, 8, 14 },

