Permutations for races [1, 5]
{ 1, 2, 4, 7, 5, 14, 15, 24 },
{ 1, 4, 5, 2, 7, 14, 15, 24 },
{ 1, 4, 2, 5, 14, 15, 7, 24 },
{ 1, 2, 4, 5, 7, 14, 15, 24 },
{ 1, 2, 4, 5, 7, 15, 14, 24 },

Permutations for races [2, 6]
{ 1, 4, 5, 6, 2, 7, 3, 14, 15, 24 },
{ 1, 4, 3, 2, 6, 5, 14, 15, 7, 24 },
{ 1, 2, 4, 3, 5, 7, 6, 14, 15, 24 },
{ 1, 2, 6, 4, 3, 5, 7, 15, 14, 24 },
{ 1, 3, 2, 4, 6, 5, 7, 15, 14, 24 },

Permutations for races [3, 7]
{ 1, 4, 3, 2, 6, 5, 14, 15, 12, 7, 24, 23 },
{ 1, 2, 4, 3, 5, 7, 6, 14, 12, 15, 24, 23 },
{ 1, 2, 6, 4, 3, 5, 7, 12, 15, 14, 24, 23 },
{ 1, 3, 2, 4, 6, 5, 7, 15, 12, 14, 24, 23 },
{ 1, 2, 4, 3, 7, 6, 5, 15, 12, 14, 23, 24 },

Permutations for races [4, 8]
{ 1, 2, 4, 3, 5, 7, 14, 12, 15, 24, 23 },
{ 1, 2, 4, 3, 5, 7, 12, 15, 14, 24, 23 },
{ 1, 3, 2, 4, 5, 7, 15, 12, 14, 24, 23 },
{ 1, 2, 4, 3, 7, 5, 15, 12, 14, 23, 24 },
{ 1, 5, 4, 7, 2, 23, 12, 3, 14, 15, 24 },

Permutations for races [5, 9]
{ 1, 2, 4, 3, 5, 7, 12, 15, 14, 22, 23 },
{ 1, 3, 2, 4, 5, 7, 15, 12, 14, 22, 23 },
{ 1, 2, 4, 3, 7, 5, 15, 12, 14, 23, 22 },
{ 1, 5, 4, 7, 2, 23, 12, 3, 14, 15, 22 },
{ 1, 4, 3, 2, 7, 5, 12, 14, 15, 22, 23 },

Permutations for races [6, 10]
{ 1, 3, 2, 4, 5, 12, 14, 22, 23 },
{ 1, 2, 4, 3, 5, 12, 14, 23, 22 },
{ 1, 5, 4, 2, 23, 12, 3, 14, 22 },
{ 1, 4, 3, 2, 5, 12, 14, 22, 23 },
{ 1, 3, 2, 4, 5, 12, 14, 22, 23 },

Permutations for races [7, 11]
{ 1, 2, 4, 3, 5, 8, 12, 14, 23 },
{ 1, 5, 4, 2, 8, 23, 12, 3, 14 },
{ 1, 4, 3, 2, 5, 12, 14, 8, 23 },
{ 1, 3, 2, 4, 8, 5, 12, 14, 23 },
{ 4, 3, 2, 1, 5, 8, 12, 14, 23 },

Permutations for races [8, 12]
{ 1, 5, 4, 2, 8, 23, 12, 3, 17, 14, 25 },
{ 1, 4, 3, 2, 5, 12, 14, 17, 8, 23, 25 },
{ 1, 3, 2, 4, 8, 5, 12, 14, 17, 25, 23 },
{ 4, 3, 2, 1, 5, 8, 12, 14, 17, 25, 23 },
{ 1, 3, 2, 4, 5, 12, 17, 14, 25, 23, 8 },

Permutations for races [9, 13]
{ 1, 4, 3, 2, 5, 12, 14, 17, 8, 23 },
{ 1, 3, 2, 4, 8, 5, 12, 14, 17, 23 },
{ 4, 3, 2, 1, 5, 8, 12, 14, 17, 23 },
{ 1, 3, 2, 4, 5, 12, 17, 14, 23, 8 },
{ 2, 3, 4, 5, 8, 17, 14, 12, 1, 23 },

Permutations for races [10, 14]
{ 1, 3, 4, 8, 12, 14, 23 },
{ 4, 3, 1, 8, 12, 14, 23 },
{ 1, 3, 4, 12, 14, 23, 8 },
{ 3, 4, 8, 14, 12, 1, 23 },
{ 3, 8, 14, 12, 1, 4, 23 },

Permutations for races [11, 15]
{ 4, 3, 1, 8, 12, 14, 21, 18, 23 },
{ 1, 3, 4, 12, 14, 21, 18, 23, 8 },
{ 3, 4, 8, 14, 12, 21, 1, 23, 18 },
{ 3, 8, 14, 12, 21, 1, 4, 23, 18 },
{ 3, 1, 4, 8, 14, 18, 12, 21, 23 },

Permutations for races [12, 16]
{ 3, 12, 14, 21, 24, 18, 8 },
{ 3, 8, 14, 12, 21, 24, 18 },
{ 3, 8, 14, 12, 21, 24, 18 },
{ 3, 8, 14, 18, 12, 21, 24 },
{ 3, 8, 18, 12, 14, 21, 24 },

Permutations for races [13, 17]
{ 3, 8, 14, 12, 24, 18 },
{ 3, 8, 14, 12, 24, 18 },
{ 3, 8, 14, 18, 12, 24 },
{ 3, 8, 18, 12, 14, 24 },
{ 3, 8, 18, 12, 14, 24 },

Permutations for races [14, 18]
{ 8, 14, 12, 24, 25, 18 },
{ 8, 14, 18, 12, 24, 25 },
{ 8, 18, 12, 14, 24, 25 },
{ 8, 18, 12, 14, 24, 25 },
{ 12, 18, 8, 14, 24, 25 },